-1.8180135337654675
-1.6790465803214376
-1.5866022528820936
-1.8352823687160753
-1.2222400253488044
1.5578170324437492
-1.0081606538328125
-1.5083069638113504
4.911482540144703
1.5525019284181247
-0.028025454410525175
-2.2806157956720012
-0.4157763979644284
1.994929060549966
-0.6094394026603356
-1.0668928528946886
-2.343631736271309
0.032163522738406725
-1.2744361177197316
-1.3998061298558648
1.6834334252110237
-1.7848933294064862
1.1034967348187568
-1.6511990181402465
-0.4618053063443951
1.1414063876390552
-1.7560235214417372
-0.08720947695219483
-0.806798109478826
-1.675298425625664
4.27786931039959
-0.5034933656651271
0.2497181812796961
-1.5412757828736758
-2.0883789427229473
1.0891257714409197
1.8521158218813998
1.0605514605055784
-1.3452077623953271
-1.4437137944109972
4.259319734555395
4.138598998307635
-0.10423852396542024
-1.1586029503776447
-1.4109174904495094
-1.0916783109975037
-1.4378117714439886
-1.0698615013383204
4.648895803884673
4.4560410160503805
-0.7232985978538371
1.2708001832423572
1.0089465140317915
-0.4048245933036559
-1.6250966010507741
2.21676384132132
-1.2342900588335803
-1.134157963484137
4.117033282561266
-0.2597939134377491
1.8754066888992513
-2.074658258243216
1.7443007665780508
-1.4473931069744963
0.6990130983660271
-1.5870217596136507
-1.2328150647638052
-1.3424106324383696
-0.8905854258718033
-1.3840640481871829
-2.3152885644047427
-0.35947423099684744
-1.0996440005018862
4.118533690670874
-2.2971971771172375
0.9114743975399595
-0.31669271834843804
1.8350794823586596
0.2189705761778804
1.0698930257578745
-0.9109392418996474
-0.47983023914662704
-1.3507063285101084
2.5321554132186783
-1.1660344673370826
-1.7830620653850318
1.0214846318082835
4.13493537185003
-0.02407527868309159
3.753840279964302
-0.30534491699755467
0.12560952434409256
2.057970366604078
2.1262746167475832
-0.5997498121916898
-1.1560007771206
-2.326169369980427
-0.12880075292173726
-1.6096118454659456
-2.4165833656648217
-0.7081969454327978
0.18453218133948057
-1.3576556224238294
-0.6751065497869337
-0.31583677830976853
-2.3557880562437967
-1.757821200575983
1.0153522742380945
0.10258439307825032
1.6243149380877568
-1.1537845336894623
-1.2753910308157792
1.845814237187466
0.5527696399583166
-2.0078504829894714
-0.8968203947194333
5.906048502602655
4.492902785589653
1.1917137973687224
-1.8990158126215222
-0.14978914451810516
-0.7197211170763284
-0.7569858750551219
-0.13372294172176102
-1.9605583163179787
-1.1649495350470491
-1.1800705638732938
-1.727882485627051
-1.4396681140843512
-1.3980603637105764
-1.181287710452083
1.5509607965337548
-0.6357896893256055
-1.6574120431246362
-0.8416469558089106
0.8514033397696082
-1.3098679524390933
-1.0607146944880612
0.276122137192395
-0.5094318632852841
-1.6163911096059473
0.9914125853905995
-0.7032093822202918
-0.45380259369579384
0.9637624142121629
-1.2971980671813086
-0.33491035807904473
-1.3853549204763065
3.1980697787246446
-1.2872810899796425
-1.2636927352152105
-1.7862590491414463
0.9393598833424561
-0.33049999909027233
4.060236329903884
4.269753593955734
2.122668715672881
-0.37356565566805205
-1.0682752110722336
-0.41679684327193417
-1.4610298886797397
-0.47365945506460955
4.3871448163319915
-1.2945282082392433
-0.43751287753252655
-0.10746795080915547
-2.4599410461661835
-1.355349782024271
-0.37774608784087566
1.074735335817766
4.55845069595027
-1.8485957680731024
-2.2805528153771566
-0.8387965887541433
-1.4755597092876485
-0.1340947252402852
4.383841842627584
-1.643689909025805
-0.7122155994790947
0.0025259154399261963
4.476884480903747
-2.269534060256498
1.8325611119833487
4.1663482256513795
1.3743896701157226
1.2768763692448655
1.8270705760528816
1.4016142144965347
-1.57925765332211
4.085550734462222
-1.2400689557911833
-0.46418239933118965
-1.0272885064159045
-1.5755300108897767
3.711787425376089
0.010928333792304068
-0.5593206724751734
-1.417093165782437
-0.9032492329331279
-0.9424388192132918
0.6951118846242776
-1.5260417230539003
-0.021338061878758155
-1.4187918886132944
1.0721191936889316
1.1894749562470537
-1.8869365825659437
-0.08323685922083685
1.0498862071226114
-1.3393173084243915
-1.5398356737229608
-0.2446501377744122
0.6107982251320772
-2.2602537157496707
1.5971695780446677
-1.5936796778612403
0.12923782136711895
-1.1191775857806443
-0.5717416710209048
-1.258432796054237
-2.8499576533850246
0.28580187179850475
-1.9147239419324515
0.16168442399287986
-1.3053389347036226
-1.1766974250466797
4.384166699411346
-1.439059113815834
0.523859895799801
2.016955054817199
1.4648320828372017
4.303245509199707
4.2181053478935056
-1.2443187651526793
1.7672348534507463
-0.9734002188740802
-2.560200276914284
0.3839760399671912
0.33232586731635644
0.5262295022553343
1.482255047083251
-1.0653637813578298
1.4192321926389595
-1.7850341535973704
1.2445952258863582
-0.9892101076544487
-0.756455178083905
0.8495910015585874
0.8037797144974551
5.397011817103935
-0.6456920182386261
2.2188203286331065
-2.0736468300674282
1.6844048785312227
-1.6842988828362466
4.971388490858965
0.39181510070501224
-0.029352538513258086
-2.1104108062281677
0.5696229869316867
0.8428356782492852
2.000500286128569
-1.6546822367827354
1.525680160447087
-1.0284502273380007
-0.4402672908503078
1.5155102501977387
-0.7040954651100909
-1.0765979612811796
0.7669430616803965
-2.6836768626289587
-0.7535084701016685
-0.4387858001385623
0.2954281592418861
-1.059019843410892
-1.4554512377005202
0.06280875213745785
1.756936345086026
-0.610283190322866
0.9637963959652308
-1.05438409359382
-1.7790492591540916
1.0752213075571113
1.075708083477016
-0.8400589638748425
-0.7932138021917833
-2.195690595247037
0.10062351928364521
-1.5973885069805547
-1.3911156794417336
0.33450218472178816
-1.1514981596876808
0.4370438881074516
-1.1132881256778253
-1.1121415539640034
1.951843573286403
-0.5970810380979537
-0.17312810383358063
4.246234363766571
-2.0395253944155627
-0.4994270966077766
0.38329529353378855
2.0326529597180993
0.2882814120627202
1.2490201517420831
-1.7241281871885625
-0.39956127140453
1.3301045337205317
-1.667310317596442
2.1121565323745415
0.9125880677057298
-0.6276508035902537
-2.5382451190753894
-0.8571614817061297
-1.1453611804386856
0.9172132452189191
-1.0754477237312532
-0.12418243692147536
-2.144756842751306
0.27588794785613374
4.322152803401159
-0.6645189280511816
0.1853071342849993
-1.2816558171621584
1.4222577923472772
-1.0724723192184094
-1.4276069196256893
-0.6702451361782908
1.2638657637144453
4.294441284561547
2.250443004305321
4.5136177406198055
-0.09406736235809131
-0.6912304911643501
-0.2870703974426433
-0.5394753966115384
0.6378225974462078
-0.37369028765753076
-1.1676891372961828
-1.6533958838345155
0.06347079175682768
-0.42589720534752995
-2.091731659956386
-1.4664102300617385
0.9382817219193723
0.15633845880690445
1.4182027279507377
5.629222238288733
-1.7238106744733124
-0.978928141358979
-0.5032269327484005
1.6713435551574138
2.2088268993357847
1.5411826088753204
0.9061701047929542
-1.908861641370792
-0.23289465595138004
-1.5955353451775034
-1.0371718772176506
1.197402086386677
-2.0972357121555563
-1.9687120266662734
-0.7538671995659557
-2.1293851849416368
-0.7768020986187549
1.6388343694570509
1.1901587786513401
1.8488058911227496
-0.16363470222076137
1.9463082919594523
-1.278687883573608
-0.7117822628718662
-0.9736058266853445
-0.5291842146031437
-1.4326739997665248
0.8667979672099534
1.4327606382836175
-1.4300914818465564
-1.0727604332998237
-2.316810728566856
-1.6813049943545468
-2.0637481323038998
3.567084798376042
-0.6799440999498115
